6.194914453161925
13.085669983605099
15.628403328154052
14.709965682741593
13.928641640764061
16.16813019913807
16.437904769742964
21.490148927449106
16.437292785202022
13.455702699928139
16.043084455324358
15.188279003744288
16.17162113185432
14.968697917596046
14.424271186906985
14.603359852375398
15.750089653346652
15.764267243971375
15.544966505137731
15.789993995418447
14.63303707709349
18.567945831922245
16.046337423054705
19.46452761103467
16.04609187003378
17.90398541831632
16.344479559190862
19.282205937790202
16.710674095750722
16.972432923485936
18.5040102351436
19.659678783944354
18.855762076770745
16.61956282702286
20.721856169583468
19.988454493899212
19.201040095403116
21.613513392811132
17.101424811577893
19.57997143043872
16.40229240031363
18.385667758154376
19.151052835845885
17.796794348208888
25.415659937182504
19.343178956786147
19.66027777387163
21.187384131998176
21.035151332781666
22.61673682583391
19.533041699136586
22.612103481242407
19.426618188555153
18.957734638070917
21.62108960194098
19.318915566091327
21.067341290636914
19.282072971426075
24.865154551167286
20.889043094847178
22.78361480338742
21.48581888470352
21.034518382555756
19.80888690531009
22.32025884089232
23.23285081240768
21.634881525714277
21.237448247809656
22.787988547067677
24.85326928546598
22.239819860264447
23.49987113546464
26.392937223258166
19.464211464211463
22.44795972433577
22.96181155598703
19.65958663488738
20.745121573230808
22.189697404688385
27.71877898177989
25.490057531804553
29.19563976556083
27.867000195998312
21.914271980605655
28.304702262052583
26.794672118056663
23.269757610390187
23.31762259766396
25.283391771738586
24.45064270099587
25.49072882966288
26.857927124711047
23.8786682658003
24.252709487784898
23.32324129148973
16.437324993778645
25.164867735026068
28.9555894596591
29.204381035935356
22.961979163815332
22.616330316123978
23.87884952594943
26.61979733017411
24.058875154157224
26.863890519753628
31.07576669673502
24.064350546773102
27.852149935172413
23.405365991577508
24.804130173805568
32.287036662837
31.761976611884887
26.200208220547204
25.498012101660432
29.05648770349844
22.96164395060557
27.598462915197135
24.455394781594674
27.851980397451847
24.859848978769307
23.13860457589655
22.786502936388214
22.12384021774104
24.25168113143181
30.38552554129803
28.773437607189408
28.585313547847736
28.53889282020576
26.904327857495655
29.631777318567973
32.82608678638372
28.754993538479468
35.024845044665135
31.333454106054635
28.64042281507986
30.155594898940425
28.118804624003612
28.49642971186314
27.345774447397645
30.15478188974963
26.613435193939125
28.111391862093924
26.855003734926903
32.20565900103659
27.971910074893128
29.06863739376116
26.156800545465508
30.383984729423567
29.48917261938242
29.48143427489644
28.923441874577627
28.657512657175587
28.915997554888616
29.48903439903632
29.92931371173181
32.34218232219933
32.085248472446665
32.712605802284024
37.13465871614054
38.75719829975975
34.128750615355194
34.422781075408245
31.09079722767874
29.20390656912622
31.334039306652024
36.13209570779403
34.87558906495877
30.85118910798053
31.700162683964198
34.560558993416336
36.27780696917605
34.86725384164564
30.38376462619776
35.000805277278246
31.4541149296852
37.48319567106724
30.589234011829312
36.96301322781631
31.32666737620832
27.859071918665023
32.34442698643738
33.98929098891214
31.572856387413175
30.384645058234828
27.858948557005746
33.41455865745987
28.65568528855154
34.27124945357089
40.76873729106808
31.09085484388059
35.48195365008735
29.054005315329253
32.996981002936394
27.090262034399686
33.43140443169138
29.11545145115498
34.59547915884806
38.71560996434712
30.9660424441762
37.60215340548706
29.63153308873744
30.84999779343621
31.906705894211147
36.78576737802003
32.60782678833465
25.283391771738586
31.333571144425417
35.79979515192898
35.811104565286065
36.80473144321303
32.591737264676
37.40419103470294
32.81375981348991
36.378100132266525
38.85026734252958
34.12326685853172
28.648312918355266
37.48143713109956
37.4849543760557
30.38321438208433
30.85192663452238
27.100063965471566
33.4225466309941
29.068771701238486
31.090624380354434
34.57480360396007
30.378098066198305
31.2029757476566
34.140070774058195
30.139776195685954
30.65871625017132
33.644059775241246
44.56061993629802
33.27828875987059
31.951489666415277
28.923109457139113
42.85035338252151
37.13580946478375
34.88443600721092
35.17287675081186
36.45461538127252
32.3565285982361
36.62579818412429
34.87297934919299
32.60028680576876
35.08923514525338
35.34322321327002
28.648378143932753
32.34405285409409
33.98915327032749
29.771893129915483
36.79843481999114
36.469750951566304
31.825782782391617
35.28984543932421
42.4572826069352
37.20300511792516
35.80086465539684
32.458628695248414
33.70597405937093
32.60579888717649
41.3246578203759
37.647379841621394
32.351349996336246
35.48450520723175
35.18969723029166
35.49343854787015
45.96296052775769
34.27916204393283
39.697548186812924
36.796982059042854
42.48644158790936
32.09052636813827
39.78147383756222
44.577479907578045
38.20714532966532
28.915000838754597
34.3073409034675
42.02279927302019
37.83697181828023
36.14081315244131
39.699332949998464
33.99686723013295
37.82741702741703
35.818214812585
35.80147582892676
42.129166658296356
34.87558906495877
39.71897594212094
35.17449907856033
35.66001313560493
38.26207530715086
31.53944024182997
33.71227286153772
44.35572532323187
35.181506303525445
36.79278583834804
34.281613587416274
32.60934787974911
38.56175271333152
33.997211684985245
32.59781647764697
33.63886555253687
35.632142212405356
35.017973170696074
39.78766273435455
36.80279379118517
37.12857737215293
43.230799041858894
39.30903953346157
34.575872423123926
33.422346885110045
32.87419907278591
32.874972077110286
33.13815055275627
39.79121089710629
31.708730230729685
39.577399866480775
35.02250538054154
27.05985122676628
39.93647190557623
37.48319567106724
43.977067317572356
37.48026486278785
47.748728291784225
41.43349092856056
39.47349895817844
38.95617283807286
33.98027277845966
46.99061525534497
45.17660034639346
39.6988632599169
39.99593775999885
49.92010664085281
42.48411772332426
38.94116309027818
36.80440848703954
45.16541144495151
42.125612404159625
45.58045116377127
39.15804175434731
47.30955168594329
49.718028097224064
38.55430900960111
50.43797124338105
37.73459496053854
39.13838344250975
38.18592667449631
38.86306441868998
42.140256399951774
41.084215557976066
35.18194895883574
39.166744483996396
45.57648884358857
36.793996188404236
43.97854287859279
33.42221372251374
37.601984853612564
33.166516423905996
46.42335831055131
35.986701157857254
41.004768878521666
44.36689204627193
37.48110218981363
38.95119844726553
39.167037079923354
35.809422984158424
38.18766502176011
34.58285700151093
41.422442739648105
47.05510680308742
33.940676903157936
34.575088615942626
37.12561960062314
38.25886439428768
31.097251569948916
39.69942688934847
28.930690474164987
39.30931583880037
42.48721626593409
37.84627531305056
32.753094783038186
34.883565617144434
36.795529412796796
35.31681152891596
40.73207539840541
39.927043709043
38.17254669973379
40.43708218525667
44.963894272825506
35.03479210563135
34.39638675498861
35.49907111571909
37.97461661454665
29.7814058398756
29.78493060865078
32.61416560559082
37.83697181828023
29.20417769112937
30.844156011288113
37.48185581612523
38.22551327064645
35.17774418307204
38.59519619413062
38.56485510494461
37.83825184430066
37.83705715065391
32.08211937752655
31.583673915048784
33.98894669454304
33.4225466309941
31.579274685519497
35.15946141352753
31.380280636388463
30.858736237258082
31.396958593302617
30.624075466738706
34.205220525722396
29.81082797115321
33.421148459941755
49.325796360614355
38.19140300437294
29.7191552076789
37.483111927326995
31.33117203256891
33.784504475478
35.171033378195375
43.59793023589407
34.279372162492386
33.99679834000008
38.92851325482917
38.94929946952373
29.480743548772544
35.81179253035862
32.72332499185682
41.786757526849584
38.56476645825671
28.9232424231976
32.486094302759454
32.599273292528906
31.340887778014398
41.082927823095666
32.1125772801225
32.08751898220932
38.56795799578855
30.384094782232317
36.121049277459136
36.95283656779372
39.48100455589442
38.57620524659068
38.56485510494461
39.32064770306344
36.97645500488179
40.660289196430995
32.81542854907484
39.8744530613118
48.68809375667468
39.32000262489336
42.47319036209973
41.78034732750669
42.860862509784525
37.825455480077466
34.88508882826535
34.575088615942626
37.83731315008435
37.48260947274352
39.321200644055956
42.48635551431709
39.149708311942874
46.39366124610787
38.20871157428706
41.08333023157408
39.69112436786482
41.244847226155635
38.93863246554009
43.974577532863215
42.14008704703192
44.36689204627193
48.205404038662664
35.4927627598404
45.98372158293573
42.28325103785055
40.57328586906052
34.87993945933359
34.87167463776701
43.9865679749817
44.56459698206708
37.21381531520541
38.019779004523244
39.1589191651931
39.167037079923354
41.43111711690354
38.19896813795804
42.4958257007149
36.46087411956718
42.83949936368446
43.21921704078016
40.438797606628626
51.40424906090484
35.49426454596614
36.46079488160228
43.60672372349893
39.69905113461584
34.394412338121604
39.788719567725096
35.50155001195572
45.342944677833295
41.59992382826447
44.73962444479526
39.003447658591135
44.773150866256046
43.76095770498029
48.429939865320485
38.94215735427924
43.59430508812812
39.36511690658032
43.22866035907901
47.746970780152175
44.35516244403131
39.32046339285505
40.759228954252684
41.78792322897405
39.92613153916742
47.47856601125186
40.105716897492094
45.98321745174524
45.16152095217791
47.18225157993966
43.21921704078016
42.85009072036877
44.773342043967354
51.8500241059177
37.13638486585077
42.48575300893615
37.05272828864404
44.77362881359551
38.564234586687384
39.094424741230256
45.99410914529971
40.75685256300626
42.484806249290955
40.24394081863714
41.64353966274553
42.66067792403817
44.15577415442663
47.297174779374785
40.1072509112885
47.74599242767473
37.14551146653914
41.43250862867744
