7.048812090676714
9.4567476466941
10.081237734361574
12.227935045625491
15.91896112965574
9.370882662442554
9.03037897284193
12.227917221192937
11.727086796240558
13.827459396732618
11.202705120979912
12.041801603160385
11.805463219668717
11.594081752531011
10.444543221312895
11.658503433505622
11.524617865984508
10.555226584962282
9.112624219486653
12.8552373479796
10.898301583569026
11.65936225631503
11.140885867320444
12.937296905483455
10.960156681774768
12.611470675344318
10.667263488252619
10.336870304353665
10.655109648983531
9.711498632176443
13.15255576652613
11.431564803471193
10.740167722937072
13.259392969933012
10.206460216184121
12.003308254323482
11.554556473829201
12.632951119383879
11.7514334504936
11.248567547526044
11.003689930412083
10.445713744930373
10.922908449796415
9.374527005129465
14.942461087934676
14.222005211644651
12.625060765365172
12.200156490425869
12.339091550953166
11.395753664159367
13.926167443883505
13.826593330157689
12.227988519234946
11.656883357628328
14.07375940783094
13.586484468508624
13.101202105910888
11.073017482166712
11.619117797791032
11.264261256059406
11.34182691852675
9.284425033812425
13.176169009659938
12.368364170909322
11.656964350728577
11.795951025321209
12.177646028978607
11.877136894328327
12.773025714738163
13.058414579282712
9.196119229546476
12.381142707861338
11.329801918417292
12.611868850881624
12.228113292809143
12.264477116156122
9.82758224790236
10.915801650784728
12.729472784909051
11.173175666406049
9.17812901404629
11.659200204591068
9.077735189149061
9.436322935532132
12.026212605390185
15.832969372559308
10.384562439031637
15.505945548278813
10.806065282556581
12.475102167072162
9.198781480076235
10.898159996985944
10.95664939957002
12.387980926136775
12.939771487981291
11.60494045774492
12.378493557393208
12.577472243254793
10.637976141109094
12.77220890822886
12.007724008411095
13.498161596104676
9.820150218209744
12.335861697778588
9.281096833724627
12.739428620025635
9.434348978132071
10.816473682853237
12.010388777371478
9.11252522926312
10.55448287663046
14.327328748055072
11.077272505186318
11.873068713872422
11.386488144685334
11.706058018096465
12.491449605984977
11.729038031319911
12.852184544483752
12.30509976265846
12.932091399888387
13.041016839539338
10.896319706127242
11.024470763876842
12.905411787873053
12.588287198633816
13.00091749944206
10.154974402554782
13.333579173912076
16.11650380981291
12.937636106775573
12.634530373842333
9.548676736747447
9.284527794010874
11.788922195661126
9.476511522819703
16.71570221584569
11.215991121985788
10.34553914876246
11.302583587649979
9.33233059954877
10.423583325463609
11.629717125000694
13.324006569396397
13.54683720104
14.637530994313273
11.205054465066887
12.455560125496858
12.493830985076405
12.141724237253054
13.338094927661821
12.93113452153029
11.998054819756167
12.304413895880637
12.772053337880674
14.119834842897083
11.499088419222977
10.581189099188304
12.336623645540431
13.058373923750725
16.960936868155866
15.066125944258657
14.599674542052822
13.221879142373934
10.525084346389196
9.475248441802833
12.12252866752892
13.17130722186894
10.033067973055726
12.516648860930236
10.049631132909557
9.627360471922234
11.252505741205761
13.280447588937562
12.131925854256785
13.261866518269317
14.076002892855286
11.428481122166078
9.255986494389212
13.256333754740835
11.659005748468372
12.15365111929216
10.39041495477128
12.533479955057254
11.93691595102064
11.591294170642767
13.738258309013073
12.53355486095755
9.546742415965621
10.898414855484345
12.660119740235828
11.08087208649534
12.455671091960081
13.735221543806908
11.201119496653794
16.855594514492388
12.505975240321542
12.300498700095165
12.594807795963288
9.84364662602604
12.154637278184529
12.453008442432763
14.12190285077456
11.329924337582423
11.59382536718721
10.44282692779311
11.962330232213242
8.632031282156822
10.992500533991333
12.031300915620626
11.402228356977513
13.903316963701183
11.038731453761885
10.631706754472015
11.440232933972492
10.554124340415038
10.599880968476864
12.808423508502448
17.57873604888496
9.954512551412494
10.544453061855554
9.3608021942951
12.836195815838117
13.560129513451649
12.610636484310756
12.493198342701064
10.748190506453188
12.573268303211437
11.298762452251777
10.877781653567506
16.2584731555006
13.2320151176015
12.452620234486567
11.749211453670451
14.703983705492911
12.652348086297602
15.740307502936552
11.70890107896096
15.918991338935319
13.754138813602953
10.831123925261881
13.369023978988503
13.178342458113724
11.426317309316378
9.733980361713929
10.444530216968516
12.859927702642624
12.095174104246269
10.810549444884757
10.649671760483542
8.821941780245668
12.593748920946474
11.162455988141083
11.84505397524693
12.132522435874257
11.169277924166792
14.694762436126735
14.800282998727917
11.999547975401851
11.653417907565698
11.720385397804753
11.330505864746149
13.10693376540789
10.197266581817166
13.734861719876939
11.194139115929941
10.834915140399369
13.298237492985166
12.225208511556124
9.788020928137703
12.380009828909094
13.012473261057396
12.00681310061919
9.54911152344417
9.643696528382923
12.938055144694285
12.063395827011822
13.163742387222618
9.929626446781866
9.641125130159548
10.127793151075245
11.461115232696514
11.016580143488829
13.107240960128001
9.280234356504211
9.383986182332357
10.83999757061059
11.892358423426872
12.367580063514154
14.49187611967888
12.720496894409937
12.216200000291257
11.960624622158345
10.232280823304684
9.286830218758302
15.191964851659078
13.369087898409946
9.990838821862011
11.975548125708444
14.072177590490394
12.042544944521886
11.106105399733886
11.30986764315289
11.05594259972428
13.3240488957788
13.98117644705855
14.823140659429983
12.57392792849509
12.599404620648428
14.277096519997208
11.570812987944494
12.721557898759633
15.026507647056716
12.857089432140393
11.865058182378808
12.08042085435277
13.45578903467967
12.397592783078542
14.6764572606282
11.495653127226882
13.076083008715198
12.815213372808907
13.846220377953951
9.283294821740016
13.515930175977934
14.407895256628475
12.153615902291316
12.381142707861338
14.96535987940093
17.691413917024256
9.812086660131987
10.360603904829658
9.43931728570657
13.507942667866857
18.358346993130343
10.745574560914717
11.437939901990996
12.2707382827185
10.8392552105542
13.638305447935787
12.094546314371975
11.201448551581949
9.908526408419512
15.424176398013463
19.098657863281918
11.265713510624296
14.320724793305187
16.955794426904156
17.437867030310336
12.007999026603777
13.45581061854066
10.914821638613914
12.304377799747124
11.797759319526211
10.496715947269964
10.391470395498843
13.642541869549802
12.740783042681871
11.90812612500071
10.87321336680955
12.690879658696359
13.832566836895385
11.260072994562321
9.331188694818385
14.513614610835631
15.18968161562461
11.872934276154512
11.549958762971764
11.187659790693363
11.616125137090252
12.271833297735698
15.390105767202076
10.248544623996814
11.625945544403514
10.938404866376754
11.89546139076623
9.591058141289782
12.858882915695192
12.643270975637694
11.789883191920271
14.161477764985127
9.508758804712775
12.515229638117063
13.265809332835717
12.664056944874282
11.08078426399627
13.335296072032087
12.130118920919902
14.081342901506568
11.826517506573335
12.202960618191975
11.991125952016102
12.880186709249479
10.81715713012788
11.762011792006394
9.717359775733845
12.644986237439591
11.56853113195968
12.230395315812341
11.138681672965028
10.263792654113967
14.580768963359521
9.357711297379183
11.13009511906136
12.803243008940864
11.636089236842725
13.786078187758429
11.235053827382723
11.429088382358952
11.711941740524178
11.74866842669169
16.506704132673743
14.093005752378904
9.356646663840989
9.71270178331176
13.072150297016126
9.735064814492452
9.637890663596735
12.01061232788256
12.852420838778771
13.371602547242745
13.021684158564925
10.177829760593252
13.458854636293918
9.641036485713038
14.26347773746085
13.147072606138304
13.072944799330504
11.864084892491292
13.458768262199133
10.44567472324953
12.30120216912487
12.224870007228297
11.569663968929126
13.369109205019587
12.455560125496858
9.734748490805577
12.610124648992526
13.19278821353531
9.64136891079277
12.407733415769458
12.212002940684073
17.158021120754015
14.744171658370595
9.925490854964398
13.755672491796881
11.41513770519019
12.857128843984501
13.01942062500485
11.445524453006893
13.641920658823835
13.809385684912677
9.734635523042074
11.863833205576785
15.311814139585143
11.727152373429888
10.495862267432404
13.268851935217011
11.699658017617951
11.254574019488805
11.325197818828869
13.32330822290941
11.140826682922489
11.661112702018166
11.459283423219624
10.610298377202414
13.778605616822215
13.549550480854652
10.358224362536273
9.991814643117488
11.370513899676178
11.65506940710452
12.312016849273853
12.491598415582095
12.493384407337023
11.395877512705319
14.531591100825095
12.225707394209678
9.549002823058009
8.924430826843695
10.967350049877691
11.33104153468563
14.524797545438647
9.986675873235077
11.973069682268495
11.266318727218517
12.43742521850652
9.289504108436137
12.852223926262875
11.142868908096592
11.393973638744308
12.453119363434602
11.868298038505506
13.456112799865256
9.641213776236153
12.694336538970816
13.369023978988503
12.533423776219596
14.023434221854442
11.865779862452932
15.466635199716798
11.865813431104623
9.28463055648405
14.53151558196338
13.282865901547972
12.453489114378819
9.928839008939805
11.334961118280152
14.222366899619884
11.591966912501364
13.369002672650513
16.99354381273613
12.227738979725405
13.369237046103631
13.928132855591604
12.613006633828315
9.456598396508031
15.790439833899926
14.531591100825095
11.592415450458729
11.460097488469692
10.611211042550554
13.521398463881882
13.439426831085314
14.681491775075125
12.614865454195478
10.421045308633387
10.555917265123325
12.770828353812169
10.283912507263683
11.390538988178488
12.823343274729542
13.156681456665929
11.49294416160199
11.977394805602753
14.385065858179841
12.905074274180645
11.73174459991469
11.201149409939298
11.591358237931725
12.303313059075968
12.692166166360026
11.867861478083963
11.724890384134248
13.735491424127062
13.280889128128809
12.775126554133493
13.368981366380437
11.1400277550912
12.301761394215893
