5.932839578818723
13.106544672766361
15.977692278389394
18.06180790157588
17.437540794818176
19.86061642051831
21.030440283527682
19.47022001053748
21.48526858054172
19.2880582738577
18.397764706398398
23.68516932482772
19.469677733808357
21.03089723318837
17.143994620919962
19.093006794050368
19.660231696427527
18.573208074376012
22.443435298314455
19.860193236943722
23.678082707332862
22.61596446987902
19.281674083336398
24.683072468657986
20.596087648971988
25.81856906305208
23.86815988345625
26.11158563157567
28.623678906637426
18.002618216779766
19.03115138288001
20.425909903299694
21.40726487656243
21.675877644043183
23.497062613209838
30.777557639530958
25.8533684813942
25.644817908902482
23.821978546249003
25.210395980092805
21.919311007985282
25.702807044779533
27.59791813342633
27.10584342566144
26.156909293116172
25.061118646295775
25.06695991011451
28.922710566298818
30.162209002342543
29.489241730041364
27.35784388330601
34.59975994753493
28.562862344336647
27.89254324227868
29.31250251154437
22.281248948614472
26.85649401097916
24.573264304559842
30.27285456513894
30.37798805682604
37.145758193681516
29.19563976556083
26.38435924748589
31.84058089286087
37.83663049263439
38.564411875580404
30.578139381446306
29.193404467088456
39.722925683546585
31.830975654180072
28.923441874577627
28.369795189524094
38.10258518294774
31.802194677650796
33.78634144769699
31.386444717578016
29.773090692265285
38.939174714580474
33.595956602360516
28.877971757545435
41.44421739938105
35.492912932734214
33.82694184349116
31.097193930036386
34.86674660886444
28.93155522854778
32.60041349935488
31.090451534951985
26.392494352516252
30.616139828389777
29.49034754464129
30.148387746007103
34.71509653763944
37.29753835414532
38.26752113046144
37.46595235808923
33.3138394514814
33.64277793485694
35.09165713233925
33.71213737865736
32.337569268429014
35.49283784612846
36.80473144321303
31.09039392024491
34.87573406062067
38.78522458475816
38.2323077869665
45.99310043840507
48.10268502250134
41.536069590155655
46.84248262799222
47.11515304013372
43.062757829071515
39.227148381786975
39.28106071780608
44.73695213471737
45.16784334334119
45.70840716547772
61.78192087066676
49.37565629311522
44.37712532402264
42.485666938133846
44.35535006884416
54.691073465972686
38.94007849654285
44.762160893043905
52.31262238445452
46.41791242989123
45.35775308310876
46.84049477130898
45.17630839158579
48.26442476979975
44.95117246109658
55.72011770254203
58.39276988224375
49.16371479141514
48.19266476698226
58.99714928732183
54.67728962479984
51.43082764850382
45.56351706606991
59.56774618083006
48.89320976860756
49.005061386249665
47.73186514051088
50.31283100120555
46.88395218496469
51.11545234627783
50.550937968909125
48.919898015120445
38.94269970149808
47.75436407273986
61.28004608506535
41.61123203574695
48.864614983130465
53.24736734085028
45.57520123785184
48.687415551913226
56.20922145015713
52.09150748900867
48.128148833793595
40.757723874287954
49.16625053042718
49.122948381308866
57.26194691070933
45.74160592220346
50.979598699470266
55.26601926396374
51.86102976785401
64.41039951385278
47.948821715103584
49.106039815859845
45.161812715886676
50.724662686494966
44.01204629639346
44.36661046316061
50.55378131509854
41.77460479347272
39.605896072747186
57.70085499480675
54.558632620939946
47.52978612013263
48.67362948521561
61.56776513761468
49.623813918269796
48.205625650797735
49.322702791693125
55.68608811678096
48.20917172209438
45.16550871585912
49.71753698318371
54.70771839436528
51.169081182635004
48.21914784524086
50.13411956889854
44.36604730766057
51.34289771336238
55.705687040136
49.147699576287074
55.72172157100661
50.97164801244425
66.84286758294421
54.20012793094313
59.566336239952285
55.19329411919519
67.48213661855291
58.962454107321506
55.4645602651809
61.113459056658755
55.45759335368071
42.48652766185039
51.40540408043206
54.492239467849224
60.25037451108348
55.95451745950573
57.27849890408527
59.343701142974375
70.38160880964867
58.392092440484475
68.57569818415917
64.9880981103509
58.981109788223385
48.6580448169133
55.19559414746271
66.39948979361066
47.75806157770086
46.996055934026536
45.98886435255135
63.10111393612974
53.06223037510279
47.36917951324185
48.70933489208424
53.226532658215
64.40757356054307
56.21047694139247
60.0028775096462
49.138486916098074
67.48756565412774
59.01167532330492
58.416083453457844
49.8894281092397
63.806668376283845
63.21591931823565
61.70077356797458
68.13770440061825
66.13132958080217
66.60585657117448
74.2533752608483
63.80680704392784
68.82807122830378
62.11259763228487
66.19424861062575
68.16507205360314
68.81048839765539
68.81242368205798
76.39428359367707
68.81113348036102
59.04767535987048
62.67210847179767
62.65017625619884
68.83065295060906
66.53898610075537
67.82118016654924
87.58895158895159
79.41990182109095
64.40757356054307
66.1979797979798
67.5049444397183
68.59742819176122
83.5563110922227
70.299917872048
55.91361612499
48.44347631246434
57.81485608213507
59.566336239952285
52.31349234395852
57.31084850983009
58.94629539407113
51.13529022111504
52.30142423971619
63.80847110266903
59.56450341659231
67.40666665327417
60.50615569138698
50.13342045551888
68.56000506725348
58.980418626561764
56.500103275169955
44.13356538428353
51.8754617414248
56.740613811203005
47.30848445610465
41.70822270616429
56.09883236215944
53.449234977784194
61.387801527579434
49.488677660207095
45.99209177575381
60.00692447458403
52.75997878348886
54.198260285271864
58.40821982031328
57.86271133051138
63.231712202202765
61.01731379513152
57.86138094832997
63.73146075952115
55.17441692208527
57.9996681232369
49.310235776133176
58.83962197978967
86.37324559195683
57.20454529956106
49.36589315895277
57.8466178133706
57.8464848463952
63.80680704392784
58.487825381932204
48.90850822759349
50.55428908914861
59.587210183361115
54.893878218761245
52.3239341153771
52.9518094344347
62.14651782047863
55.70470060118821
62.112466230724806
64.39274137303325
67.80614363477221
74.96689380906633
72.24785384391788
49.65024799649609
68.81161730032765
65.59529932193166
63.79030982488159
52.80636551342096
59.958152006322535
68.14086716766387
52.78465655963957
70.08787921829439
67.78481416687205
69.13308059996703
78.66139044654076
68.80000749860572
77.89208901971071
87.08620785117103
61.03215399326487
64.95459834959404
69.15031973934494
62.667159008685
67.27062101327077
75.94730790471965
66.36751984122499
79.39603569155342
62.113780271344645
62.664751444420496
80.99961376374357
81.11954305066972
72.67284213991627
64.31163847203572
79.28591141944386
67.14308779103406
83.938308280708
79.0092349713909
87.61171970737867
86.76573845287486
74.29349027005604
77.85811044413867
87.9747966490618
79.41990182109095
98.27605274749993
82.81028241994007
68.14244866129451
75.11474360265855
69.46742190864222
87.61741358660836
87.45502228729762
65.47228144038391
65.48126175774938
77.78014422776025
76.94435284702364
89.05335123110059
85.13529861501092
76.39271826535166
71.71359386187072
79.05353726687588
69.53125340431679
72.13679888208105
85.13280259804695
77.876903438432
74.2701393792235
87.63897569242913
91.13020201888523
97.60551056501909
93.73228121221872
90.30865061439451
83.42464899699219
82.72770824521533
76.2328714526862
95.49046302915504
90.3072895135731
97.31970244696994
106.00291329501017
88.89355258788981
81.88286128904208
87.16946311049533
77.07408011429806
87.47751810439719
81.87096270463005
105.0686925550424
91.12683614653106
102.15377530189573
99.34037124518503
89.5640422139549
95.51808084971681
106.02313156219624
90.33082288990302
89.73266140534373
89.4596126683793
91.17318824355432
102.12415417340856
116.22219348641309
82.59340149613931
99.11884419141737
91.62950632009893
93.70861726133292
121.77984642941693
106.08773551499432
88.71201353637902
121.82011376381274
94.58688327913511
109.23623518158551
91.98922703067839
90.3537846099494
79.77431249806831
69.4887956905774
108.1606796651374
105.01607880984031
103.10435727023656
104.014843371321
100.2767746142143
77.89805640420849
101.18837165948393
93.68412823565413
94.61526141380236
95.49198485534946
85.94533010942175
114.5619520189375
104.50584283355343
86.3418336188618
90.31001175624523
83.53541688334967
99.56781111498844
88.04390447557896
99.24079646722005
85.11111261422745
82.62847461633932
98.30254082165968
88.47145733189274
89.77085904670857
99.28310202883594
82.04588202819865
93.70087148451724
93.7276731344651
99.27605215757097
101.1446710745541
86.87176607584216
104.20748737986877
89.59444044915018
81.11379088057072
89.10192870237992
83.43110238830909
88.47124998242234
110.35923792567385
97.35019624135714
90.35086509960709
107.07602046026308
81.52722560580537
99.2734674556213
107.05241786722787
91.7535827024
109.65657026600498
103.07533377419527
109.35220337583728
96.43652182310217
98.2889495046071
96.82723339812638
112.17040964370959
106.51094027748921
97.32444467132757
106.05286398293494
108.42337370264576
76.39428359367707
106.05164511339031
91.15317578639451
94.5909362561032
98.300928095997
109.38357322461256
103.56282926413185
109.13623654642224
92.01344343140954
96.38577252400277
94.5917895586713
97.34816272722209
102.1487995607393
107.05415665054807
115.69350156191457
109.23235585186728
107.0534114507802
113.50989147790317
114.62039187822808
98.27628301705535
100.59006643163777
100.29050706790976
116.38310878882571
96.03201751072096
108.6840184778179
109.3560048234131
99.3023767866148
89.32307641342234
96.411029688951
109.2315800189876
102.1239281239901
99.27511225038047
105.04142248935638
103.55469367234073
129.3959184932669
109.32488824595013
91.98781480076234
94.59413622011728
99.94147866449356
87.1791261934125
106.45908334698568
96.3864370166952
109.4078258922652
97.3230897029239
100.29203312827424
103.05185052824373
112.44807964271591
95.27031048056459
110.2021759454897
85.96646853863497
96.82857459461457
108.93352956453987
96.3151670467097
96.39219633717818
98.2956295127993
83.95454959933991
92.40386860831443
103.55306670736607
