7.50432800518144
14.965333181098092
11.107546572706918
13.58525229198078
10.849096232837736
10.766150943638381
11.138548561640652
12.041231194117048
11.139258525469845
12.611887812248641
12.080786202288097
11.393726027099564
10.390273387568248
11.202914576622488
12.938274651580304
12.153492644395572
11.525140378620408
12.302699563394349
14.534939892641917
12.065877100371962
14.071658265325807
11.303040469982685
10.092396241011285
9.349867920953198
14.629744992099674
10.953830886049502
12.61236186495467
11.93467420331011
9.37035928277489
9.19928586781536
13.928572258779031
10.553208191856202
10.336628295269993
13.92563572194573
10.149973501632251
9.540770530846029
10.947183797045467
13.323773779099964
10.62073628222675
9.445035185497945
11.252717063237618
11.935591180140662
9.640992164101055
13.104538140690172
9.927064793425986
11.329985548157053
9.549285449209634
9.64367435529559
17.38468318980703
13.106769934111536
12.00779276177825
11.331638483712963
12.533592314243451
13.639236791402116
11.267741242209327
11.203064192591128
11.659086771064544
14.221306000386532
11.69300422077379
11.110768505347034
12.744925492865304
11.572536944453642
9.52147283830106
14.599344225775686
11.561945926873374
13.085853701149999
12.384414602747169
9.262425192677163
12.78086848147533
8.949585946285039
10.52529564175434
10.953730762500946
13.106851849247754
10.252577930688895
11.910510107155584
11.591710620680887
15.422503309310192
13.549134665859075
9.284507241789207
9.285761093842707
11.205234073304275
12.427291245379733
14.28823418196931
13.073617145956325
15.87455694310137
10.745519502062995
12.257434220427868
11.425912658307158
9.435983271128748
9.275924373743562
12.787278281494851
11.527056663716863
13.099688147577874
12.17264516728193
11.837882995777733
12.851160702932665
12.416328330947838
11.723104357134671
15.66681483196934
11.32966420001864
15.192074904467827
14.964825931442945
13.36936488963264
16.17218231522288
13.019077121732275
11.524934534653356
10.499238397292524
9.201526017546131
9.730186678915514
9.460672484611168
9.199225338366148
9.461526141380237
12.190033321078307
12.008067783120355
12.151274429707916
11.86621626974023
11.798124363583174
9.733573754209106
12.079394518875207
10.548311487118614
13.19550680570128
14.53154075483007
11.327598825731284
9.641058646671846
12.855217647825054
9.033082288990302
9.192652547740687
9.869182804301278
14.525225100429422
9.43328805203451
10.861471889497583
10.201706241829072
11.2351591599153
11.317771850364752
13.987517528984311
11.76460160608551
13.343674939315177
16.85725424314646
14.323928173814451
10.93928925854782
12.661228025954541
13.00073615904755
10.405959299621031
10.980011492312062
9.50770263040975
9.278591986125152
11.633587955643574
9.898015820574297
9.900854636292713
9.339042338821905
9.492468134414832
9.46161151553022
10.366826582037573
13.453479961573436
11.676727857862707
9.34463936405805
10.940130990357002
11.231774459607104
12.178530000595236
9.235544359988374
11.451414873474313
9.589523164999177
11.663496097850585
11.018157363819771
12.208945883126882
11.298382002556362
12.750795346935424
11.769074606428187
12.492007660256315
9.988174135028231
14.221522989626228
9.178510624329824
11.649630941221401
12.071346444693555
10.469924239587623
10.754735946009703
12.831601264099513
10.580361658680678
11.96743290919648
12.494314813656363
10.750229072981691
11.829252574593768
9.539251607386129
9.912823579182216
10.831963079990341
10.948026744242197
11.922156292859022
12.08042085435277
12.080386060463796
17.14000126681337
17.13975612148158
10.714460151943229
11.362505096367052
11.180278926941613
11.967962198361587
9.710722926433988
11.424232107010658
10.701379418559705
10.953616337829544
13.368320905690686
16.573167165854006
9.734703303385547
15.790172327789856
10.721951182102746
13.149154019543607
17.21245001097758
12.300065836066727
11.451727531982106
11.656834762308408
11.394035543337118
10.95368785296902
11.329801918417292
11.402088872215607
11.075122651922031
11.588331832172006
13.99344417624323
14.493804123212595
14.690490575686093
16.275096716114437
17.8561944029954
15.843704906886261
9.822795007927455
11.304472273842716
11.418229730980524
14.810290887776215
12.43945399678211
11.17073553988641
11.839019075415353
9.715919146432427
11.478224698561084
11.861384010633184
9.587725674681003
13.781933306717795
11.725152599040866
11.395923956604076
11.591598496573072
9.92445749521441
11.65929743508488
12.45528271798877
9.371217656114197
10.725296081357007
11.459158192676943
12.076907683425977
9.714546444163936
12.992882931581661
12.97810837822534
14.74176195923991
14.274934229110723
14.266218824669858
10.746923679055651
11.796515020903968
12.378292633619946
9.540510109614655
9.329798024735297
15.291801031410817
11.892543881412088
12.218619955341472
13.142561705087752
11.125651867138469
9.639729169443768
10.334590773461196
11.115685921151664
12.179131174602805
9.722856096396267
11.42196103634393
12.898228544103425
10.214327027161955
13.607995496774256
12.18987389597217
10.901304085093663
11.087653257059474
11.639657440348998
13.499312853027792
14.238178568579494
12.21474137290848
10.329080756278206
11.130523393900152
11.500050038317013
11.2573681568939
12.153633510766227
11.394051019590425
11.395676260185132
11.199040914655555
11.165145124387578
10.990772246249874
12.030679738637081
12.96122421230887
10.80585648368805
10.319360314921884
11.197755271760823
11.777832378828958
10.0979239845629
11.051995156868196
11.498662835884522
11.832506283976494
10.861935998466905
9.723329430992315
11.616221650469573
14.806056134678043
12.548103560722556
10.881803228501305
11.201493424206452
10.519923451408449
11.661145122636107
11.26607663277777
13.277693888081648
11.780942041910038
11.835611490490434
10.30375701207791
9.524716141338905
11.769190190246366
13.712611811476696
13.770530770506147
13.247331933104874
13.070683777197454
9.804494686694998
9.61453858602715
13.257150804174088
14.390544238109534
12.258580603678185
11.304076206698136
15.143012389003518
15.50640415396588
14.388199375664643
10.927831774653905
13.791926027496359
11.69784704374661
11.97341147554321
9.524932440104463
11.175095783398966
16.272823560906154
14.385682584433447
9.166174590513238
13.077958502161573
11.11914838904655
9.603971368775845
10.211840152703909
12.694739964345922
13.546771570636578
11.525219551334894
11.865695941654655
15.545859556267189
11.727152373429888
16.73474322170332
16.57319990911875
11.79377848761518
9.830807056854697
13.458638703135628
12.08242184011684
13.103985428574553
13.283560014758441
13.549572366561407
15.077932955873102
11.91005352604603
13.371730436016254
15.260310605219928
14.197621715303141
12.931712618605331
14.12218814078067
12.378694487689344
11.740496177757375
12.15365111929216
11.866031631970328
10.313219832207174
9.522229411430843
11.69468326406906
8.560188416622788
12.564153718498282
9.346721753508666
10.527461908484986
11.177254842393209
9.922062806789285
11.039690258324242
12.411955925066103
13.513752807106288
15.507034781081606
12.139914384205941
11.356905643518111
13.109883429264428
13.830035446377051
13.732613247377028
9.928803753450211
13.277462713262096
11.937170748367082
10.611425810156781
12.380850332154079
12.692031742909666
12.530971124688168
14.276003144985891
11.07731638843331
14.023270120630166
11.798439647085132
10.178039692448436
15.429169463935919
16.303691581701074
16.570809990755155
9.640105817430456
12.377671637738834
9.549241967174298
11.727250740589032
