6.403615322371334
12.822814027643176
18.562440115685984
15.66681483196934
18.06519192336848
19.286373146338658
19.70766729628899
19.848163562756866
19.410285996359484
19.654243467218357
18.230159730522654
18.067448642454995
17.90474970811909
17.746231208932553
23.50505110885289
19.849290725601314
19.920608308675806
19.660369929407793
18.230040877708067
22.112448641752277
19.476051393732266
20.650880659624892
17.9314643609119
19.02612992534955
17.277183125279333
19.981979092062573
18.486068138745647
22.96172775299045
27.339060605665566
22.787328251739893
30.384259862940265
25.07325354790115
24.449882539478978
24.069966562349357
26.85076308511728
26.390972097691115
26.84950260964566
27.471567612884634
26.625824458349115
29.96247104605664
25.393963366888123
32.3448634851108
29.394107588372158
32.80214754813116
24.96832455278745
31.587658058637025
27.843906627219198
36.471732977395945
29.691875322983698
33.146268845437284
36.45699186426535
30.152017986380816
27.099421955358757
37.492242198062506
31.57368824183662
35.18158007863696
45.16589780367934
41.43283605679661
34.81017422499237
42.30414820911299
35.4802278047883
38.195576500586235
41.09347352827641
34.40837915384
38.55439760821956
37.23677686408985
45.57738030556582
49.64895500904365
43.21921704078016
39.894080048698825
39.49922306873723
49.96649287010527
39.70985692138368
45.15908973453462
37.83671582346852
49.138141508527674
51.862312284772784
39.17479246523653
42.83984940749653
38.937728750699165
42.86024933578582
37.45599864260869
49.73286431366349
47.457507450763856
59.58114394891791
59.257344821009355
44.3380952280276
42.48368740592784
45.34421919324708
57.60641673037921
53.96500377410279
55.44439768844199
48.672951683353986
68.14308127930187
47.29664143760544
61.566990507065704
64.37382259563944
55.70642689227418
48.685041984032836
53.68754933375431
47.33731657272873
59.989146425185524
48.189010393089966
50.13222202080125
43.95190580680587
43.208353421598076
52.31392733456119
56.909215078808714
52.32589241159054
59.97480905582985
65.59529932193166
72.26714852760327
59.58057971083117
59.987675610294296
66.82765323518633
75.6763330130764
72.92174823913436
66.84469377022009
73.28599384959463
67.97775567301244
45.5872877855792
72.92269910917835
98.4517475444328
75.75509614320902
74.96622385465399
68.14956629118029
84.36225807893443
78.30290860966716
96.97835139503212
68.78775695723276
90.75005084577072
87.56467186505078
92.81651368025989
88.4708352863973
71.63734727034776
71.60188210189384
88.47207938613555
76.41359458548538
76.39550111561404
77.45332332048899
68.81081093749634
61.00273430682413
73.35969706774874
75.67650368860131
77.13609331429898
76.0149245954524
79.76506236674562
67.17058417105547
78.78698624990608
67.10456930756432
85.9468955624872
65.61230359413514
61.01706017926801
75.69391663715257
66.82810956484529
70.36345525957645
61.58119516497438
60.75104182616504
68.58242600514657
67.03332701664182
59.546040489508506
56.21901576940347
59.98191561300393
56.58203958477135
74.01620420921209
73.2490378465226
57.27941149693184
57.84847941521274
54.659001118556084
57.86390872678277
54.198026838612975
62.112466230724806
52.75511235118891
52.3187127086755
55.143466923767996
52.32132328175872
52.28816661853224
45.17679498502833
51.874392430894815
62.66756028738159
65.53453717550947
49.1500032811167
68.14450471276614
63.23184838205998
62.68214356624829
58.9813862574237
77.10844082277971
48.61236477261401
81.51455002461714
51.86167101838438
55.444519841724464
53.672663987920046
68.03160582622357
56.856114571542825
66.82582797886893
54.198026838612975
57.29597358984575
56.76736406392745
69.2028227840344
61.44355734881414
57.66634586300767
60.89165232179522
52.63682511927346
59.226524329972605
59.56506735022829
53.23903151080506
69.75132312527803
55.70445399690996
55.206491623322634
50.55560934941792
77.11109885463203
63.24546933060477
76.35152102632016
73.60946288642606
66.82765323518633
56.6314429799788
64.22792940208784
52.09139966342999
64.97687975124764
59.56492636581821
64.98766656337155
44.75079433837855
69.16699716772276
56.19491281309244
58.51790109800311
59.21899840456323
76.75373882013862
60.48683448805823
59.45024556529627
79.46221958040964
66.95673829060375
58.96756597168525
52.77248078108683
58.980833321614895
49.62217006133111
47.16760717651372
54.67824001147195
55.717650392877935
58.39344733972202
44.76244751946076
50.554796873399184
46.851587074635404
49.07765502102674
59.56675921520731
58.4239492042856
51.4193734254418
66.84530252148672
59.266694927229054
48.69972037038829
58.979451027448626
61.03190025402131
58.965355326975796
55.442321164988655
54.07086456836039
48.224691920132635
57.528044799573635
57.35604252846056
64.39203524878333
65.84095531759824
59.385572362366375
60.32328702952253
52.193061339616065
63.74266832246355
55.97629787801949
69.99773032872088
63.75914090578412
51.648689584402256
54.04531797965394
56.651458054756404
57.137008539052374
76.39445752300638
59.32705309909757
75.33550067355186
85.53132250580046
67.07268307838514
78.63963664146469
61.032915223654726
66.21485001364435
55.19317307038571
59.49451765273266
55.17925599793016
58.4239492042856
63.39924724518947
66.84667225237696
64.98824196061766
68.8083919623899
66.84758543749004
58.96342114881772
62.084227799064514
54.697135802683796
60.273009264676595
38.893768545994064
59.28358841834728
65.59544587282224
66.8450932619882
63.805697719651675
54.69226205352777
66.84499814446744
59.4657182439056
58.990096364135006
45.570546654816724
48.205625650797735
46.41883711201468
42.14008704703192
47.030308466860276
58.427068967918984
53.71413447623764
46.162576464295384
48.608533806789865
45.56906134971991
48.419764545078834
65.28128640927808
67.16044322039326
54.42706709027482
56.2222813010346
58.981662729215884
49.31071887638336
59.9923334382241
52.3257836135109
49.137796105813166
58.40835538225874
68.81113348036102
57.67784431961166
52.553285595253755
52.651802321080744
48.604027561144626
47.77906121063411
51.594051245884295
53.2682183406853
52.299033024308436
50.994577507598784
56.484505145499234
54.59994402414338
59.0137510552481
68.55566270574198
57.336179733298096
67.94595820508667
69.09692059948848
55.89881900932341
51.63321816346462
70.97096179918823
59.58184926155492
55.69064764121924
53.23925676919269
67.48679002413516
43.97771286333506
52.31142623737988
51.41317556110337
65.41058105106504
61.4336577976046
54.890645448358896
53.00947461989881
68.83162114640722
49.637203665833525
57.8464848463952
59.565913270704186
58.87155589865956
59.587210183361115
59.54956306509892
67.97679167612071
53.729042836646855
67.00946025210602
74.94763739515976
59.18863540147702
59.98951414017788
61.9846136956687
58.399951731403824
53.23002273808894
55.960738706485365
46.71351787213853
48.45634854618385
49.98300653283219
79.21609326197351
49.52268503540958
67.2639747257175
65.00363761958425
66.17395831689885
58.05894526050114
65.34506987396202
64.35590237059282
68.53157959233691
57.43471394272464
68.66677580956747
58.49402062622464
54.189040671134
69.75581828047075
63.175655960993076
56.69996079686015
59.55576381049747
64.39302382706951
64.40771485231919
70.98522517643475
84.33794396198299
82.03696676902615
85.13357058767811
83.5346774568316
77.47233875529594
87.56396094632555
95.56269451773272
77.80934320531637
