6.870265568770567
13.886607546363969
15.623687876688345
14.324001550459077
13.982901024971705
15.652432220625828
15.944044034911656
14.533957756166695
14.219690844152431
13.636398808120774
17.548251054847906
15.189351565994109
19.47424283930039
14.634568784291833
14.324026009507676
15.545945986015592
16.616698690648338
21.95637311612373
17.14220789040245
16.433074552717002
16.440353163676274
16.70664712255433
17.7514135771119
12.234248161641382
15.968598127994609
17.509863717674957
18.402163874440877
16.26644948613535
19.097570859419466
16.852479171982072
19.66027777387163
21.490112224839073
20.462581493943144
14.023551439366077
26.249782519354213
21.956449741312372
19.848868024532443
22.682866681568758
22.10767000781847
18.436825262861763
17.670867090500806
18.913623225003494
20.606712499713407
19.282205937790202
19.65516449580472
22.45180491791286
20.88571452283535
23.505358467162694
24.443138176668615
19.28229458305175
24.54814361047327
18.915840981351614
16.12846463838558
17.132684947286297
19.016138063296392
18.015144681965975
19.040352270921762
19.7230199645444
25.28354418171004
23.317665808053665
19.098788312060872
20.88519452927898
24.258367007002068
19.860193236943722
18.912813020667762
27.853028481874265
23.87735421201144
29.772104457447337
23.904934333637932
28.70962530973209
21.631311038870617
24.257478461529566
23.13792380595121
29.18927345272339
20.642648209607273
27.016972952778474
23.80859143656706
24.201351730823234
21.423812385818607
23.856710848878635
21.56358414192341
29.386075905024136
25.23339904263618
30.75623017837174
24.588822686830827
22.574699940795494
27.72830784079966
30.765931071411543
26.75615642562638
28.277159904266437
26.583467135396422
27.755525556526113
37.460849372571786
28.636120953921992
29.616538114818727
31.812988983066916
27.596647059597593
28.111077848324673
27.10701129269228
29.490485777297582
28.11239675330043
28.64792157112739
23.683787324389034
25.4932594240424
30.616530925455173
39.31972616929974
29.275623911579228
28.177806043613987
29.791682870136075
31.586290254257232
26.850591195129603
29.194894628036852
26.62098000926653
34.28756879599599
27.392625295523715
24.65077079500908
28.930756991897585
23.872914686413232
25.86809093263929
25.22866861351627
25.380031465569406
37.05330111796743
35.32380120221916
28.932420034628095
25.702754542390537
25.937998206610803
29.92426015239291
25.71620215859832
28.640292436661106
28.647660678915376
31.089299281380757
29.20336434022169
28.923907271828703
25.060569607647878
31.084287972015794
28.930557439617413
27.844646014467898
27.859627059651856
33.14666176694307
31.333337068558183
27.098721615381965
27.628277079545754
31.02450751054509
25.71567659699699
31.830975654180072
33.985159916785335
36.41189160564456
34.425747673619306
27.306192600822904
39.697360326339
34.877401597392286
32.871171822497566
37.496934709194086
34.271599490947565
28.646812812042537
28.648312918355266
29.20478773404263
30.613011411534153
32.49037230694747
36.13801065795879
30.613290708474064
32.088746418584726
33.42261321348601
37.836459832120774
33.98564182345601
30.618821837507163
32.607446537653466
27.345299022707863
32.59933663526015
34.278181524712785
31.58218755176724
32.344551699141896
35.182022735803756
29.202279942815768
24.259536244960756
38.93881321354219
38.725082460258655
39.879097318291805
32.87368375676491
42.837749230426695
28.656468417996106
32.5036538774498
34.271459475138855
32.128197075427614
42.837836733693386
39.15431319686639
43.22349274920237
41.93742038566832
36.798596244955256
38.19444608863128
35.19205928685449
33.146268845437284
35.48450520723175
42.12857424095718
34.287989241839924
30.48457438979851
38.55023391329124
38.939355467616714
31.83290831815422
36.33893958461035
31.830915262212255
31.22033715371403
35.155409341407704
27.04513644101312
33.37314905433684
37.806617932053975
47.94114890397149
41.42383366879532
32.35821356107421
32.08561664139043
35.4829292021361
37.14748537545557
39.70985692138368
36.784557569273
47.2974947902101
32.60617909943036
38.8731496276085
41.09339300620373
37.472144731699146
45.57817274548924
33.99652278226051
38.5546988465682
38.94116309027818
40.24587159484537
34.88197001482418
45.99118401719336
38.4576959329854
41.60462795620423
27.219655917607128
36.09773394266436
37.84627531305056
38.01409337883093
49.39019191774079
41.81675340471775
34.29240454582618
39.12633513372326
34.271529482900206
38.196880905220496
33.997005011236276
39.32027908437451
41.77768392701687
39.69970871006595
33.421880820665244
35.190952033359345
48.20573645762938
42.8392368345794
43.2291059005411
39.27278515532647
38.93384325483389
36.35460943729848
38.073445378914066
36.33067701475989
36.75160075618342
37.05199181982412
35.062395505918545
35.380788291613065
34.16203800801048
30.01323091124413
44.750985325216
36.463806166405135
29.7787275735007
35.182760522502456
40.1077878438415
34.87413917464699
39.71070283985742
32.344738770001925
38.564323230930135
32.08610754645895
38.56434095982758
39.24522511269085
41.78917226771029
35.17184443834157
38.93944584476412
33.98887783650622
38.05745042636862
41.42178821707631
45.178936120709714
41.778183288742625
35.323131858414534
33.98185578202633
34.58214416015138
29.195165582735683
34.27958228362786
36.43237069031038
31.580641882352943
32.881286306728654
31.57368824183662
44.77343763343524
34.12965317460479
32.205040790862846
35.96618017801712
34.28021266249024
33.996936120545016
41.093312484446614
36.13209570779403
37.83705715065391
34.56632664624209
37.13679587753006
30.384094782232317
32.87316845689922
49.16659633328644
46.199695108518455
38.73813707448516
36.20570323661052
35.71763483622088
31.726239192756594
35.49103586289471
41.76886383779639
31.56626252135498
37.13334366215887
38.55244853267276
39.512804932619254
34.575017362506465
38.57398789706991
43.219573317505855
47.35981933662668
39.721138798461084
38.18723042010648
32.35128761364842
38.26200549896644
48.68108655180899
34.57045775337159
44.55986248425007
42.09905911307305
38.57407658615655
39.52034410547417
38.817727698661514
41.96183890382891
39.10171395542877
40.280425170656
44.76990109493648
42.841949790504366
41.431198967949946
40.440591157323134
34.56718127705516
38.26898757853515
48.20518242856519
33.39394072089538
39.17413386981382
39.58430993193106
38.74690469866857
37.12570175458008
45.046568374746535
43.58415788084535
47.30293563703211
40.110779588401805
38.93510821486092
31.832606323938183
37.4140004210331
38.738763201765934
38.35519881486088
34.79003487875382
35.17228685055168
38.562816334223626
37.3495163570387
48.146969623920675
41.98241950949991
33.42168108273936
37.84969058721876
45.15422808445403
38.20644926216068
41.778266516857514
37.47390239979987
34.583427295757986
35.80094105094692
36.786009349318974
37.0181458730495
46.682738433114075
44.6658715283694
48.47673424100229
49.29410566398445
37.48369814136693
40.10702080173804
37.98612076519188
39.247520305423514
38.05444639511516
50.018134333994524
36.697740242752744
37.37530993461577
39.20011028320821
45.06583174493342
41.77984791404773
42.84904010395809
38.19722876150319
49.15104001874963
39.33060302084774
53.6473778344351
37.485121880376255
44.651606447079864
35.958779856312475
38.871510424993104
19.37958406683023
43.583704990668735
42.65529816882301
45.09577588357231
34.15160700000204
35.188811540825164
35.80842939681171
36.46340991630281
42.12908202622782
