20006
18687
17506
17188
16722
16495
16379
16088
15965
16025
15871
16027
16008
16050
16169
16305
16201
16203
16066
16166
16220
16124
16210
16142
15991
15980
15853
15784
15710
15555
15405
15230
15018
14779
14463
14401
14284
14284
14088
13887
13751
13697
13751
13674
13719
13923
13968
14031
14098
14177
13907
13943
13812
13679
13682
13685
13673
13586
13592
13705
13709
13482
13396
13343
13441
13448
13530
13619
13772
13792
13725
13664
13599
13565
13583
13342
13215
13294
13351
13252
13353
13173
13056
12999
12961
12868
12769
12738
12746
12685
12636
12508
12403
12325
12259
12132
12211
12151
12157
12274
12212
12091
11947
11904
11835
11717
11638
11473
11311
11184
11197
11214
11208
11109
10991
10802
10891
10975
10839
10800
10712
10736
10866
10901
10916
10890
10926
11027
10962
10887
10841
10855
10836
10788
10822
10799
10916
11016
10946
11014
10913
10892
10827
10715
10395
10389
10566
10627
10609
10687
10697
10747
10746
10806
10706
10669
10651
10662
10638
10594
10476
10455
10329
10305
10286
10408
10580
10686
10634
10628
10679
10736
10812
10482
10429
10436
10458
10355
10364
10334
10490
10368
10367
10280
10225
10218
10220
10107
10239
10155
10131
10039
9939
9923
9817
9848
9888
9952
9842
9820
9869
9861
9925
9996
10008
9995
9983
9932
9865
9879
9813
9702
9581
9577
9607
9556
9611
9622
9528
9580
9603
9477
9515
9531
9571
9513
9587
9423
9393
9348
9385
9363
9441
9404
9444
9412
9407
9449
9384
9443
9541
9572
9565
9578
9589
9566
9511
9399
9353
9446
9652
9677
9748
9650
9649
9722
9789
9840
9976
9980
10120
10002
9920
9814
9837
9900
9821
9700
9634
9608
9658
9623
9628
9805
9771
9858
9856
9887
9872
9852
9756
9781
9801
9723
9783
9741
9630
9548
9511
9495
9486
9436
9229
9102
9122
9017
8968
9017
8948
9005
9029
9032
9025
9048
9085
9269
9294
9480
9532
9532
9559
9630
9560
9389
9377
9327
9426
9398
9448
9450
9379
9296
9204
9218
9200
9216
9242
9243
9219
9159
9154
9104
9026
9055
8908
8733
8666
8585
8512
8508
8482
8446
8327
8247
8203
8102
8068
8024
8080
8117
8130
7993
7859
7776
7841
7915
7911
7879
7777
7713
7718
7679
7685
7696
7650
7742
7759
7798
7735
7790
7852
7934
7763
7686
7646
7672
7637
7645
7556
7618
7666
7695
7757
7790
7721
7703
7769
7754
7684
7641
7634
7588
7646
7681
7649
7607
7512
7474
7406
7407
7455
7379
7411
7377
7426
7434
7530
7563
7613
7616
7410
7411
7493
7487
7530
7500
7557
7554
7555
7563
7497
7487
7500
7369
7416
7382
7354
7327
7201
7117
7181
7164
7241
7344
7389
7360
7310
7255
7264
7216
7212
7066
6893
6826
6813
6763
6809
6799
6838
6943
6936
7003
7074
7052
7125
7141
7187
7155
7209
7183
7161
7097
7062
7062
6974
7009
6950
6903
6921
6888
6889
6805
6786
6894
6812
6744
6761
6772
6736
6787
6812
6865
6937
6913
6904
6968
7001
6988
7079
7057
7055
6954
6858
6837
6780
6785
6724
6712
6658
6555
6538
6500
6497
6489
6406
6469
6552
6578
6587
6636
6679
6690
6738
6798
6695
6674
6571
6604
6659
6670
6695
6721
6858
6880
6869
6869
6854
6921
6922
6948
6942
6941
6940
6894
6748
6794
6851
6854
6862
6875
6913
6909
6903
6869
6850
6858
6796
6831
6841
6890
6957
7055
7053
7066
7023
7038
6973
6995
7002
6938
6946
6904
6970
6978
6964
6992
6999
7087
7137
7067
7091
6981
6967
6966
6985
6982
6994
6962
6984
6896
6884
6844
6881
6995
6967
7014
6912
6868
6909
6908
6909
6958
6967
6995
7009
7087
7140
7100
7088
7166
7186
7202
7285
7411
7530
7594
7576
7535
7412
7331
7250
7294
7120
6956
6876
6810
6775
6765
6750
6702
6694
6740
6811
6835
6906
6829
6939
6942
6942
6947
6949
6948
6935
6912
6888
6834
6839
6746
6782
6824
6788
6739
6758
6744
6677
6587
6501
6486
6535
6571
6519
6530
6493
6507
6509
6590
6553
6577
6617
6669
6594
6717
6778
6742
6738
6696
6680
6691
6696
6736
6747
6633
6704
6782
6750
6783
6766
6728
6689
6542
6600
6601
6598
6692
6787
6725
6726
6798
6769
6721
6767
6855
6919
7005
7062
7087
7019
7012
6988
7004
7026
7088
7154
7252
7268
7233
7213
7257
7264
7282
7202
7158
7120
7028
7053
7087
7074
7094
7087
7055
7084
6967
7078
7031
6974
6969
6953
6938
6930
7001
7025
7011
6910
6883
6920
6892
6815
6761
6866
6868
6828
6787
6786
6804
6787
6798
6723
6686
6671
6644
6623
6615
6634
6658
6656
6628
6626
6615
6624
6670
6709
6799
6763
6852
6922
6949
6898
6888
6791
6868
6878
6914
6917
6958
6928
7045
7014
6999
6910
6860
6841
6788
6718
6673
6635
6667
6676
6697
6730
6803
6844
6863
6842
6847
6933
6921
6880
6838
6891
6758
6695
6577
6570
6541
6493
6513
6547
6479
6476
6379
6212
6136
6039
5950
5919
5926
5993
6045
6061
6122
6150
6127
6099
6191
6188
6181
6168
6180
6278
6317
6323
6360
6340
6287
6217
6227
6212
6182
6198
6155
6143
6143
6134
6125
6119
6096
6095
6069
6077
6072
6098
6023
6056
5980
5927
5802
5783
5748
5725
5713
5763
5726
5806
5913
5941
6023
6084
6131
6206
6251
6268
6246
6168
6167
6121
6048
6032
6035
6078
6136
6060
6062
5959
5848
5829
5802
5747
5689
5660
5704
5609
5625
5659
5715
5745
5769
5727
5763
5777
5752
5812
5781
5764
5711
5695
5671
5716
5733
5800
5788
5772
5796
5876
5886
5851
5899
5883
5899
5930
5996
5990
5974
5974
5988
6008
5974
6035
5982
6029
6002
6035
6066
6033
5959
5933
5895
5849
5835
5781
5790
5760
5674
5646
5642
5619
5600
5580
5494
5531
5562
5679
5780
5833
5825
5875
5905
5937
5951
5897
5895
5890
5880
5817
5777
5805
5791
5720
5741
5749
5739
5795
5861
5840
5795
5780
5830
5890
6006
6033
5960
5925
5961
5969
5988
6030
6014
6052
6028
6050
6130
6095
6021
6036
6061
6105
6109
6057
6068
6107
6074
6075
6151
6213
6244
6183
6171
6163
6125
6135
6082
6075
6087
6075
6055
6036
6154
6218
6201
6257
6288
6374
6233
6160
6216
6211
6095
6151
6201
6228
6296
6305
6356
6408
6376
6376
6353
6358
6439
6441
6397
6358
6320
6387
6424
6407
6469
6457
6502
6537
6527
6519
6552
6552
6481
6380
6371
6348
6389
6385
6463
6434
6481
6436
6431
6472
6451
6411
6418
6369
6355
6272
6206
6174
6153
6193
6174
6116
6114
6214
6282
6289
6295
6194
6170
6157
6116
6177
6127
6142
6148
6123
6156
6138
6189
6233
6200
6170
6142
6051
6080
5975
5988
5999
5938
5930
5935
5900
5880
5851
5759
5738
5751
5649
5635
5580
5598
5676
5706
5638
5505
5540
5532
5472
5395
5356
5383
5384
5360
5410
5433
5457
5438
5446
5438
5484
5471
5491
5446
5385
5355
5352
5346
5359
5381
5356
5329
5344
5379
5410
5404
5412
5421
5408
5359
5271
5216
5180
5193
5214
5149
5132
5197
5190
5234
5225
5218
5237
5225
5213
5201
5173
5176
5136
5109
5097
5122
5096
5084
5076
5074
5031
5049
5071
5082
5116
5164
5156
5135
5137
5137
5092
5106
5125
5149
5232
5248
5226
5198
5155
5163
5222
5177
5221
5242
5227
5220
5238
5276
5316
5298
5295
5308
5309
5320
5348
5330
5358
5381
5321
5280
5265
5264
5287
5292
5335
5388
5343
5370
5408
5360
5342
5336
5318
5339
5245
5155
5129
5096
5043
5030
5063
5129
5141
5154
5156
5147
5188
5202
5208
5207
5221
5233
5274
5320
5305
5282
5265
5235
5277
5262
5265
5268
5251
5249
5298
5309
5346
5356
5401
5449
5392
5393
5427
5436
5422
5515
5516
5506
5518
5434
5408
5353
5392
5343
5357
5332
5303
5344
5368
5363
5396
5328
5411
5409
5404
5380
5392
5396
5400
5408
5413
5375
5378
5406
5356
5353
5356
5392
5421
5466
5428
5405
5384
5441
5465
5498
5508
5540
5542
5578
5563
5541
5537
5546
5557
5533
5513
5560
5604
5644
5606
5636
5625
5553
5585
5588
5648
5631
5669
5706
5736
5747
5759
5796
5809
5822
5850
5881
5835
5894
5993
6040
5996
6007
5969
5976
5961
6040
6035
5975
5863
5857
5792
5743
5714
5783
5787
5818
5768
5751
5763
5828
5907
5895
5908
5903
5875
5924
5914
5930
5911
5819
5658
5568
5541
5450
5430
5456
5452
5523
5570
5512
5541
5599
5663
5746
5780
5808
5781
5794
5792
5816
5856
5768
5765
5701
5718
5767
5813
5874
5892
5921
5986
5978
5979
6009
6017
6044
6063
6075
6090
6223
6204
6280
6357
6464
6484
6589
6646
6673
6682
6653
6719
6723
6609
6636
6619
6633
6588
6554
6507
6563
6604
6601
6581
6620
6581
6600
6653
6612
6517
6467
6446
6443
6427
6337
6291
6347
6315
6280
6235
6168
6192
6233
6256
6268
6235
6243
6219
6244
6218
6282
6363
6357
6439
6441
6402
6322
6347
6319
6389
6431
6361
6319
6277
6261
6214
6228
6273
6333
6327
6353
6253
6205
6198
6139
6209
6222
6145
