29885
19313
16852
15766
15349
14665
14402
14207
14020
13909
14079
13866
13988
14126
14139
13842
14214
14293
14195
14039
14208
14239
14308
14381
14366
14099
14077
13881
13703
13835
13746
13231
13191
12914
12836
12434
12231
12184
12158
11972
11767
11715
11507
11614
11579
11605
11700
11987
12014
11860
11868
11643
11729
11652
11626
11648
11604
11504
11180
11381
11283
11302
11308
11125
11126
11207
11179
11173
11454
11414
11432
11396
11149
11148
11279
11295
10999
11044
11043
11081
11349
11202
11248
10939
10971
10951
10690
10523
10582
10574
10501
10291
10046
10020
9991
10061
9893
9878
9754
9623
9821
9719
9632
9593
9383
9236
9067
8878
8734
8738
8629
8655
8561
8476
8406
8330
8339
8378
8326
8282
8275
8262
8327
8409
8429
8408
8514
8654
8465
8473
8294
8413
8349
8304
8318
8221
8300
8509
8638
8512
8618
8536
8447
8455
8308
8001
8101
8334
8592
8572
8580
8551
8408
8341
8220
8287
8264
8399
8478
8324
8380
8165
8241
8072
7999
7976
8180
8298
8432
8414
8250
8284
8305
8362
8276
8327
8166
8093
8027
8042
8096
8166
8109
8016
7832
7791
7876
7810
7882
7801
7757
7729
7546
7625
7476
7242
7331
7309
7339
7265
7146
7055
7065
7190
7267
7187
7179
7353
7138
7138
7033
7124
7133
6882
6866
6922
6921
6903
6799
6816
6663
6816
6782
6837
6867
6873
6847
6897
6758
6724
6730
6587
6529
6723
6606
6678
6645
6764
6787
6690
6768
6818
6816
6851
6897
6999
6883
6784
6605
6647
6817
6971
6960
7045
6900
6938
7142
7193
7382
7459
7441
7483
7438
7273
7301
7235
7360
7298
7282
7196
7159
7152
7161
7307
7294
7294
7363
7356
7504
7505
7411
7273
7241
7375
7231
7176
7167
7126
6867
6826
6697
6570
6596
6361
6215
6314
6211
6140
6188
6068
6209
6111
6147
6200
6248
6392
6628
6665
6867
7039
6944
7216
7137
7173
6985
6880
6859
6795
6661
6690
6677
6581
6463
6358
6475
6472
6588
6633
6626
6652
6567
6657
6609
6458
6442
6364
6094
5916
5898
5771
5815
5735
5763
5573
5496
5298
5207
5181
5284
5311
5256
5232
5168
5078
4983
4998
5031
5109
5194
5047
4899
5059
5007
4926
5169
5064
5152
5125
5187
4979
5131
5308
5350
5315
5125
4964
5015
4890
4988
4765
4879
4985
5262
5182
5289
5092
5035
4991
4993
5059
4992
4983
4997
5052
5111
5045
4977
5023
5010
4947
4929
4980
5053
4943
4940
4920
4994
4957
5092
5115
5085
4990
4961
4987
5036
5011
4908
5002
4963
5025
5060
5028
4910
4758
4730
4781
4727
4860
4923
4699
4642
4636
4631
4712
4799
4810
4861
4846
4849
4866
4822
4850
4577
4406
4358
4396
4341
4263
4333
4383
4520
4554
4694
4708
4734
4747
4733
4806
4710
4855
4841
4744
4699
4634
4571
4457
4420
4462
4411
4431
4550
4480
4470
4387
4471
4462
4328
4261
4228
4178
4145
4261
4397
4449
4494
4442
4322
4383
4433
4420
4444
4444
4365
4238
4124
4248
4218
4214
4186
4092
4073
4003
3970
4019
4010
3913
3981
3961
3984
3889
3963
4118
4141
4119
4191
4041
4042
3934
3989
4025
4082
4127
4089
4295
4350
4389
4404
4416
4417
4449
4454
4465
4521
4493
4413
4245
4101
4232
4204
4177
4199
4199
4176
4092
4021
4085
4166
4100
4268
4073
4194
4329
4505
4578
4665
4628
4548
4444
4567
4525
4564
4566
4451
4589
4565
4643
4554
4666
4713
4836
4673
4651
4558
4476
4522
4412
4445
4404
4340
4364
4328
4330
4289
4329
4523
4547
4539
4581
4484
4547
4557
4442
4456
4444
4505
4633
4611
4757
4769
4819
4737
4778
4811
4911
4981
5214
5279
5274
5263
5155
5125
5101
5016
4937
4660
4591
4642
4518
4499
4429
4438
4503
4555
4688
4690
4770
4646
4622
4770
4677
4724
4745
4652
4500
4509
4556
4508
4549
4444
4467
4429
4422
4301
4293
4321
4288
4217
4102
4121
4147
4151
4102
4129
4090
4004
4001
4095
4084
4100
4230
4330
4249
4377
4420
4423
4363
4280
4253
4301
4384
4383
4435
4328
4378
4441
4381
4285
4311
4302
4183
4064
4031
4127
4121
4066
4248
4169
4110
4143
4249
4252
4239
4288
4352
4491
4605
4655
4530
4509
4447
4464
4362
4466
4588
4707
4749
4750
4696
4720
4780
4739
4785
4758
4666
4580
4502
4556
4600
4591
4568
4569
4600
4455
4453
4558
4497
4465
4555
4527
4482
4479
4536
4628
4537
4553
4568
4438
4344
4345
4432
4544
4502
4453
4515
4466
4425
4387
4306
4333
4268
4299
4245
4203
4232
4247
4246
4064
4056
4038
4172
4193
4300
4268
4316
4464
4475
4610
4605
4588
4537
4485
4592
4541
4552
4725
4648
4671
4730
4823
4645
4642
4522
4489
4514
4390
4405
4438
4443
4292
4467
4535
4637
4665
4656
4740
4881
4862
4856
4811
4890
4759
4706
4460
4578
4536
4500
4549
4538
4416
4408
4222
4052
3927
3850
3694
3681
3722
3752
3741
3750
3771
3834
3817
3763
3905
3905
3754
3730
3770
3865
3846
3885
3833
3977
3972
3948
3964
3905
3870
3901
3882
3839
3811
3842
3933
3878
3918
3812
3755
3823
3824
3691
3744
3781
3703
3539
3411
3355
3336
3363
3351
3426
3386
3522
3565
3690
3710
3749
3917
3936
3914
4032
4023
3853
3919
3871
3788
3726
3721
3800
3886
3843
3838
3709
3638
3529
3484
3393
3421
3428
3389
3293
3288
3254
3344
3387
3479
3411
3474
3462
3447
3450
3385
3364
3356
3347
3299
3395
3448
3523
3456
3470
3515
3527
3577
3594
3619
3679
3627
3720
3684
3764
3720
3687
3680
3616
3630
3666
3690
3658
3795
3691
3764
3659
3671
3627
3655
3556
3564
3455
3467
3517
3368
3306
3202
3152
3223
3212
3136
3218
3239
3366
3539
3575
3498
3584
3659
3650
3696
3542
3532
3558
3524
3526
3496
3497
3458
3427
3403
3361
3405
3379
3493
3487
3432
3479
3471
3482
3704
3778
3679
3631
3623
3645
3738
3732
3758
3708
3698
3595
3772
3663
3534
3592
3735
3734
3733
3755
3668
3788
3697
3734
3800
3861
3916
3826
3895
3864
3830
3751
3699
3755
3673
3745
3652
3597
3641
3777
3772
3765
3930
3922
3819
3834
3861
3827
3793
3765
3740
3685
3793
3773
3897
3986
3968
3997
3945
3941
3997
4047
3971
3910
3888
4011
4093
4077
4055
3973
3994
4071
4037
3970
4027
4051
3959
3955
3855
3831
3881
3981
3983
3914
3948
3952
3943
4008
4026
3918
3890
3877
3831
3663
3545
3530
3496
3543
3473
3396
3520
3447
3562
3610
3663
3629
3573
3486
3481
3311
3300
3394
3363
3377
3358
3403
3421
3548
3596
3678
3595
3497
3491
3411
3353
3303
3340
3226
3266
3339
3330
3291
3210
3145
3153
3089
2956
3054
3009
3114
3193
3147
3017
3028
3067
2944
2962
2918
2891
2939
2900
2968
3016
3041
3014
2896
2924
2901
2909
2991
2945
2862
2869
2856
2831
2834
2838
2793
2737
2789
2831
2881
2799
2829
2804
2955
2920
2843
2762
2683
2690
2667
2638
2656
2700
2678
2713
2766
2695
2736
2746
2737
2689
2732
2675
2683
2686
2633
2677
2665
2636
2650
2609
2515
2589
2552
2596
2646
2647
2683
2603
2607
2623
2651
2601
2669
2682
2727
2737
2781
2718
2715
2653
2694
2665
2706
2768
2722
2655
2700
2770
2861
2822
2778
2798
2791
2768
2827
2836
2806
2858
2813
2797
2752
2761
2775
2748
2801
2869
2788
2824
2864
2874
2899
2906
2889
2938
2871
2687
2620
2629
2508
2524
2528
2581
2624
2578
2573
2586
2613
2650
2636
2630
2633
2665
2746
2754
2855
2759
2714
2722
2775
2764
2751
2811
2764
2798
2784
2823
2847
2872
2855
2927
2876
2863
2852
2917
2886
2989
2989
3009
3054
2971
2862
2749
2770
2771
2808
2810
2785
2726
2798
2768
2709
2755
2802
2761
2762
2766
2755
2768
2794
2802
2776
2792
2731
2756
2797
2796
2734
2826
2817
2907
2918
2893
2902
2957
3089
3086
3067
3115
3136
3130
3140
3037
3001
3017
2959
2943
2952
3040
3103
3125
3086
3020
3046
3008
3033
3047
3104
3104
3135
3059
3139
3166
3167
3163
3251
3274
3337
3361
3328
3372
3575
3587
3520
3502
3512
3498
3533
3597
3630
3557
3414
3434
3398
3325
3314
3324
3382
3357
3261
3337
3277
3389
3434
3395
3397
3421
3354
3462
3496
3493
3572
3448
3341
3221
3146
3091
3136
3098
3155
3169
3285
3295
3294
3241
3289
3409
3482
3456
3497
3546
3591
3578
3592
3498
3481
3441
3379
3449
3586
3675
3711
3659
3666
3736
3693
3816
3702
3840
3763
3886
3916
3985
4006
3976
4091
4206
4218
4325
4448
4343
4411
4382
4453
4425
4469
4459
4463
4469
4409
4400
4350
4334
4435
4448
4503
4561
4572
4554
4545
4506
4380
4295
4213
4144
4181
4128
4095
4129
4113
4014
3925
3984
3860
3939
3913
3900
3922
4004
4021
3962
3978
3889
4045
3995
4168
4182
4057
4021
3949
4038
4115
4088
4042
3982
3948
3871
3881
3854
3788
3973
3957
4005
3871
3841
3826
3748
3780
3669
